{
 "cells": [
  {
   "cell_type": "code",
   "execution_count": null,
   "metadata": {},
   "outputs": [],
   "source": [
    "%load_ext autoreload"
   ]
  },
  {
   "cell_type": "markdown",
   "metadata": {},
   "source": [
    "# Canonical form"
   ]
  },
  {
   "cell_type": "code",
   "execution_count": null,
   "metadata": {},
   "outputs": [],
   "source": [
    "import numpy as np\n",
    "import scipy.linalg\n",
    "from mps.state import *\n",
    "from mps.state import _truncate_vector"
   ]
  },
  {
   "cell_type": "markdown",
   "metadata": {},
   "source": [
    "## Environment "
   ]
  },
  {
   "cell_type": "markdown",
   "metadata": {},
   "source": [
    "A matrix product state form facilitates a decomposition of a complex quantum state in terms of a given site and a left and right environment, formed by the rest of the quantum subsystems."
   ]
  },
  {
   "cell_type": "markdown",
   "metadata": {},
   "source": [
    "<img src=\"figures/environment.svg\" style=\"max-width:90%; width: 22em\">"
   ]
  },
  {
   "cell_type": "markdown",
   "metadata": {},
   "source": [
    "Mathematically, we are performing a Schmidt-type decomposition of the state\n",
    "$$|\\psi\\rangle = \\sum_{\\alpha,i_3,\\beta} C^{i_3}_{\\alpha\\beta}|L^\\alpha\\rangle|i_3\\rangle|R^\\beta\\rangle$$\n",
    "with some states $|L^\\alpha\\rangle$ and $|R^\\beta\\rangle$ that define a many-body basis for the left and right environments of our central subsystem."
   ]
  },
  {
   "cell_type": "markdown",
   "metadata": {},
   "source": [
    "## Canonical form"
   ]
  },
  {
   "cell_type": "markdown",
   "metadata": {},
   "source": [
    "We claim that the MPS is in *canonical form* with respect to the site $i$ when its left and right tensors define orthonormal basis for their many-body states. In other words, when\n",
    "$$\\langle L^\\alpha | L^{\\alpha'}\\rangle = \\delta_{\\alpha,\\alpha'}$$\n",
    "$$\\langle R^\\beta | R^{\\beta'}\\rangle = \\delta_{\\beta,\\beta'}$$\n"
   ]
  },
  {
   "cell_type": "markdown",
   "metadata": {},
   "source": [
    "We can achieve a canonical form by imposing that the tensors to the left and to the right of our subsystem be isometries. In our particular example\n",
    "$$\\sum_i A^{i}_{1,\\alpha} A^{i *}_{1,\\alpha'} = \\delta_{\\alpha,\\alpha'}$$\n",
    "$$\\sum_{i,\\alpha} B^{i}_{\\alpha,\\beta} B^{i *}_{\\alpha,\\beta'} = \\delta_{\\beta,\\beta'}$$\n",
    "$$\\sum_{i,\\beta} D^{i}_{\\alpha,\\beta} D^{i *}_{\\alpha',\\beta} = \\delta_{\\alpha,\\alpha'}$$\n",
    "$$\\sum_i E^{i}_{\\alpha,1}E^{i *}_{\\alpha',1} = \\delta_{\\alpha,\\alpha'}$$"
   ]
  },
  {
   "cell_type": "markdown",
   "metadata": {},
   "source": [
    "Or graphically, we can summarize these equations as follows\n",
    "\n",
    "<img src=\"figures/canonical-conditions.svg\" style=\"max-width:95%; width:60em\">"
   ]
  },
  {
   "cell_type": "markdown",
   "metadata": {},
   "source": [
    "## Advantages"
   ]
  },
  {
   "cell_type": "markdown",
   "metadata": {},
   "source": [
    "There are various places where a canonical form becomes very useful. One is when we want to take expectation values of observables. Suppose we wish to compute the average of an observable acting on the third site above\n",
    "$$\\bar{O} = \\langle \\psi |1 \\otimes 1 \\otimes O \\otimes 1 \\otimes 1 |\\psi\\rangle.$$\n",
    "If the state is in canonical form, the expectation value can be obtained as a contraction over the local tensors\n",
    "$$\\bar{O} = \\sum_{ij\\alpha\\beta} O_{ij} C^{j*}_{\\alpha\\beta} C^{i}_{\\alpha\\beta}$$\n",
    "\n",
    "Once more, there is a graphical way to express this relation:\n",
    "\n",
    "<img src=\"figures/local-expectation-value.svg\" style=\"width: 8em\">"
   ]
  },
  {
   "cell_type": "markdown",
   "metadata": {},
   "source": [
    "The locality of this relation is particularly useful when optimizing expectation values: we can tune the affected tensors independently, until the optimal condition is reached."
   ]
  },
  {
   "cell_type": "markdown",
   "metadata": {},
   "source": [
    "## Canonicalizing a tensor"
   ]
  },
  {
   "cell_type": "markdown",
   "metadata": {},
   "source": [
    "From the images above we guess that there are different canonical conditions depending on whether we come from the left or the right of a given site. If we come from the left, we can start with a tensor that does not satisfy a canonical form and construct a new one that does.\n",
    "\n",
    "<img src=\"figures/canonical-split-right.svg\" style=\"max-width: 90%; width: 35em\">"
   ]
  },
  {
   "cell_type": "markdown",
   "metadata": {},
   "source": [
    "Take for instance the tensor $B^{i}_{\\alpha\\beta},$ which does not satisfy a canonical form. What we do is to reinterpret $B$ as a matrix $C_{x,\\beta}$, where the index $x=[\\alpha,i_2]$ is born out of joining two legs of the tensor. This matrix admits a singular value decomposition (SVD)\n",
    "$$C_{x\\beta} = \\sum_\\gamma U_{x,\\gamma} s_\\gamma V_{\\gamma,\\beta}$$\n",
    "with two unitary matrices $U, V$ and a diagonal matrix of non-negative values $s_\\gamma.$\n",
    "\n",
    "We define the tensor\n",
    "$$\\bar{B}^{i_2}_{\\alpha\\gamma} := U_{x,\\gamma}$$\n",
    "as our new tensor for the second site. The remaining transformations $s V$ are shifted to the next site and, in this particular case, used to update the $C$ tensor to a new tensor\n",
    "$$\\bar{C}_{\\gamma\\delta}^{i_3} = s_\\gamma V_{\\gamma\\sigma} C_{\\sigma\\delta}^{i_3}.$$"
   ]
  },
  {
   "cell_type": "markdown",
   "metadata": {},
   "source": [
    "We can implement this idea as a generic algorithm that updates an MPS, assuming that it is in canonical form up to site $i\\pm1$ and moving to site $i$. The algorithm takes the MPS, a generic tensor, the site to update and the direction along which we are moving."
   ]
  },
  {
   "cell_type": "markdown",
   "metadata": {},
   "source": [
    "The first part of the algorithm is the splitting of the tensors. We create two functions for this task, `ortho_right()` and `ortho_left()` depending on the direction."
   ]
  },
  {
   "cell_type": "code",
   "execution_count": null,
   "metadata": {},
   "outputs": [],
   "source": [
    "# file: mps/state.py\n",
    "\n",
    "def _ortho_right(A, tol, normalize):\n",
    "    α, i, β = A.shape\n",
    "    U, s, V = scipy.linalg.svd(np.reshape(A, (α*i, β)), full_matrices=False,\n",
    "                               lapack_driver='gesvd')\n",
    "    s, err = _truncate_vector(s, tol, None)\n",
    "    if normalize:\n",
    "        s /= np.linalg.norm(s)\n",
    "    D = s.size\n",
    "    return np.reshape(U[:,:D], (α, i, D)), np.reshape(s, (D, 1)) * V[:D, :], err\n",
    "\n",
    "\n",
    "def _ortho_left(A, tol, normalize):\n",
    "    α, i, β = A.shape\n",
    "    U, s, V = scipy.linalg.svd(np.reshape(A, (α, i*β)), full_matrices=False,\n",
    "                               lapack_driver='gesvd')\n",
    "    s, err = _truncate_vector(s, tol, None)\n",
    "    if normalize:\n",
    "        s /= np.linalg.norm(s)\n",
    "    D = s.size\n",
    "    return np.reshape(V[:D,:], (D, i, β)), U[:, :D] * np.reshape(s, (1, D)), err"
   ]
  },
  {
   "cell_type": "markdown",
   "metadata": {},
   "source": [
    "With the functions above we can now construct the actual update of the MPS at a given site."
   ]
  },
  {
   "cell_type": "code",
   "execution_count": null,
   "metadata": {},
   "outputs": [],
   "source": [
    "# file: mps/state.py\n",
    "\n",
    "\n",
    "def _update_in_canonical_form(Ψ, A, site, direction, tolerance, normalize):\n",
    "    \"\"\"Insert a tensor in canonical form into the MPS Ψ at the given site.\n",
    "    Update the neighboring sites in the process.\n",
    "    \n",
    "    Arguments:\n",
    "    ----------\n",
    "    Ψ = MPS in CanonicalMPS form\n",
    "    A = tensor to be orthonormalized and inserted at \"site\" of MPS \n",
    "    site = the index of the site with respect to which \n",
    "    orthonormalization is carried out\n",
    "    direction = if greater (less) than zero right (left) orthonormalization\n",
    "    is carried out\n",
    "    tolerance = truncation tolerance for the singular values \n",
    "    (see _truncate_vector in File 1a - MPS class)           \n",
    "    \"\"\"\n",
    "    if direction > 0:\n",
    "        if site+1 == Ψ.size:\n",
    "            Ψ[site] = A\n",
    "            err = 0.\n",
    "        else:\n",
    "            Ψ[site], sV, err = _ortho_right(A, tolerance, normalize)\n",
    "            site += 1\n",
    "            Ψ[site] = np.einsum('ab,bic->aic', sV, Ψ[site])\n",
    "    else:\n",
    "        if site == 0:\n",
    "            Ψ[site] = A\n",
    "            err = 0.\n",
    "        else:\n",
    "            Ψ[site], Us, err = _ortho_left(A, tolerance, normalize)\n",
    "            site -= 1\n",
    "            Ψ[site] = np.einsum('aib,bc->aic', Ψ[site], Us)\n",
    "    return site, err"
   ]
  },
  {
   "cell_type": "markdown",
   "metadata": {},
   "source": [
    "This algorithm can be used iteratively to make an MPS into canonical form with respect to a given site, even if it was not previously so."
   ]
  },
  {
   "cell_type": "code",
   "execution_count": null,
   "metadata": {},
   "outputs": [],
   "source": [
    "# file: mps/state.py\n",
    "\n",
    "\n",
    "def _canonicalize(Ψ, center, tolerance, normalize):\n",
    "    err = 0.\n",
    "    for i in range(0, center):\n",
    "        center, errk = _update_in_canonical_form(Ψ, Ψ[i], i, +1, tolerance, normalize)\n",
    "        err += errk\n",
    "    for i in range(Ψ.size-1, center, -1):\n",
    "        center, errk = _update_in_canonical_form(Ψ, Ψ[i], i, -1, tolerance, normalize)\n",
    "        err += errk\n",
    "    return err"
   ]
  },
  {
   "cell_type": "markdown",
   "metadata": {},
   "source": [
    "Applying a two-site operator to an MPS yields a composite MPS tensor of two-sites. We use left/right orthonormalization to split this tensor into two one-site tensors using the functions below."
   ]
  },
  {
   "cell_type": "code",
   "execution_count": null,
   "metadata": {},
   "outputs": [],
   "source": [
    "# file: mps/state.py\n",
    "\n",
    "def left_orth_2site(AA, tolerance, normalize, dimension):\n",
    "    α, d1, d2, β = AA.shape\n",
    "    Ψ = np.reshape(AA, (α*d1, β*d2))\n",
    "    U, S, V = scipy.linalg.svd(Ψ, full_matrices=False, lapack_driver='gesvd')\n",
    "    S, err = _truncate_vector(S, tolerance, None)\n",
    "    if normalize:\n",
    "        S /= np.linalg.norm(S)\n",
    "    D = S.size\n",
    "    U = np.reshape(U[:,:D], (α, d1, D))\n",
    "    SV = np.reshape( np.reshape(S, (D,1)) * V[:D,:], (D,d2,β) )\n",
    "    return U, SV, err\n",
    "\n",
    "def right_orth_2site(AA, tolerance, normalize, dimension):\n",
    "    α, d1, d2, β = AA.shape\n",
    "    Ψ = np.reshape(AA, (α*d1, β*d2))\n",
    "    U, S, V = scipy.linalg.svd(Ψ, full_matrices=False, lapack_driver='gesvd')\n",
    "    S, err = _truncate_vector(S, tolerance, dimension)\n",
    "    if normalize:\n",
    "        S /= np.linalg.norm(S)\n",
    "    D = S.size    \n",
    "    US = np.reshape(U[:,:D] * np.reshape(S, (1, D)), (α, d1, D))\n",
    "    V = np.reshape(V[:D,:], (D,d2,β))\n",
    "    return US, V, err"
   ]
  },
  {
   "cell_type": "markdown",
   "metadata": {},
   "source": [
    "## Canonical form MPS"
   ]
  },
  {
   "cell_type": "markdown",
   "metadata": {},
   "source": [
    "We can use this idea to implement an MPS class that is in canonical form with respect to one site. This site may change as we update the MPS, but it is always kept track of."
   ]
  },
  {
   "cell_type": "code",
   "execution_count": null,
   "metadata": {},
   "outputs": [],
   "source": [
    "# file: mps/state.py\n",
    "\n",
    "\n",
    "class CanonicalMPS(MPS):\n",
    "    \"\"\"Canonical MPS class.\n",
    "\n",
    "    This implements a Matrix Product State object with open boundary\n",
    "    conditions, that is always on canonical form with respect to a given site.\n",
    "    The tensors have three indices, `A[α,i,β]`, where `α,β` are the internal\n",
    "    labels and `i` is the physical state of the given site.\n",
    "\n",
    "    Parameters\n",
    "    ----------\n",
    "    data      -- a list of MPS tensors, an MPS or a CanonicalMPS\n",
    "    center    -- site to make the canonical form. If defaults either to\n",
    "                 the center of the CanonicalMPS or to zero.\n",
    "    error     -- norm-2 squared truncation error that we carry on\n",
    "    tolerance -- truncation tolerance when creating the canonical form\n",
    "    normalize -- normalize the state after finishing the canonical form\n",
    "    \"\"\"\n",
    "\n",
    "    #\n",
    "    # This class contains all the matrices and vectors that form\n",
    "    # a Matrix-Product State.\n",
    "    #\n",
    "    def __init__(self, data, error=0, center=None, normalize=False, tolerance=DEFAULT_TOLERANCE):\n",
    "        super(CanonicalMPS, self).__init__(data, error=error)\n",
    "        if isinstance(data, CanonicalMPS):\n",
    "            self.center = data.center\n",
    "            self._error = data._error\n",
    "            if center is not None:\n",
    "                self.recenter(center, tolerance, normalize)\n",
    "        else:\n",
    "            self.center = center = self._interpret_center(0 if center is None else center)\n",
    "            self.update_error(_canonicalize(self, center, tolerance, normalize))\n",
    "        if normalize:\n",
    "            A = self[center]\n",
    "            self[center] = A / np.linalg.norm(A)\n",
    "\n",
    "    @classmethod\n",
    "    def fromvector(ψ, dimensions, center=0, normalize=False,\n",
    "                   tolerance=DEFAULT_TOLERANCE):\n",
    "        return CanonicalMPS(mps.state.vector2mps(ψ, dimensions, tolerance),\n",
    "                            center=center, normalize=normalize,\n",
    "                            tolerance=tolerance)\n",
    "\n",
    "    def norm2(self):\n",
    "        \"\"\"Return the square of the norm-2 of this state, ‖ψ‖^2 = <ψ|ψ>.\"\"\"\n",
    "        A = self._data[self.center]\n",
    "        return np.vdot(A, A)\n",
    "    \n",
    "    def left_environment(self, site):\n",
    "        start = min(site, self.center)\n",
    "        ρ = expectation.begin_environment(self[start].shape[0])\n",
    "        for A in self[start:site]:\n",
    "            ρ = expectation.update_left_environment(A, A, ρ)\n",
    "        return ρ\n",
    "    \n",
    "    def right_environment(self, site):\n",
    "        start = max(site, self.center)\n",
    "        ρ = expectation.begin_environment(self[start].shape[-1])\n",
    "        for A in self[start:site:-1]:\n",
    "            ρ = expectation.update_right_environment(A, A, ρ)\n",
    "        return ρ\n",
    "    \n",
    "    def expectation1(self, operator, site=None):\n",
    "        \"\"\"Return the expectated value of `operator` acting on the given `site`.\"\"\"\n",
    "        if site is None or site == self.center:\n",
    "            A = self._data[self.center]\n",
    "            return np.vdot(A, np.einsum('ij,ajb->aib', operator, A))\n",
    "        else:\n",
    "            return expectation.expectation1(ψ, operator, site)\n",
    "\n",
    "    def entanglement_entropyAtCenter(self):\n",
    "        d1, d2, d3 = self._data[self.center].shape\n",
    "        u,s,v = np.linalg.svd(np.reshape(self._data[self.center], (d1*d2,d3)))\n",
    "        return -np.sum(2 * s * s * np.log2(s))\n",
    "    \n",
    "    def update_canonical(self, A, direction, tolerance=DEFAULT_TOLERANCE, normalize=False):\n",
    "        self.center, err = _update_in_canonical_form(self, A, self.center,\n",
    "                                                     direction, tolerance, normalize)\n",
    "        self.update_error(err)\n",
    "        return err\n",
    "        \n",
    "    def update_2site(self, AA, site, direction, tolerance=DEFAULT_TOLERANCE, normalize=False, dimension=None):\n",
    "        \"\"\"Split a two-site tensor into two one-site tensors by \n",
    "        left/right orthonormalization and insert the tensor in \n",
    "        canonical form into the MPS Ψ at the given site and the site\n",
    "        on its left/right. Update the neighboring sites in the process.\n",
    "\n",
    "        Arguments:\n",
    "        ----------\n",
    "        Ψ = MPS in CanonicalMPS form\n",
    "        AA = two-site tensor to be split by orthonormalization\n",
    "        site = the index of the site with respect to which \n",
    "        orthonormalization is carried out\n",
    "        direction = if greater (less) than zero right (left) orthonormalization\n",
    "        is carried out\n",
    "        tolerance = truncation tolerance for the singular values \n",
    "        (see _truncate_vector in File 1a - MPS class)           \n",
    "        \"\"\"\n",
    "        assert site <= self.center <= site+1\n",
    "        if direction < 0:\n",
    "            self._data[site], self._data[site+1], err = right_orth_2site(AA, tolerance, normalize, dimension)\n",
    "            self.center = site\n",
    "        else:\n",
    "            self._data[site], self._data[site+1], err = left_orth_2site(AA, tolerance, normalize, dimension)\n",
    "            self.center = site+1\n",
    "        self.update_error(err)\n",
    "        return err\n",
    "               \n",
    "    def _interpret_center(self, center):\n",
    "        \"\"\"Converts `center` into an integer between [0,size-1], with the\n",
    "        convention that -1 = size-1, -2 = size-2, etc. Trows an exception of\n",
    "        `center` if out of bounds.\"\"\"\n",
    "        size = self.size\n",
    "        if 0 <= center < size:\n",
    "            return center\n",
    "        center += size\n",
    "        if 0 <= center < size:\n",
    "            return center\n",
    "        raise IndexError()\n",
    "\n",
    "    def recenter(self, center, tolerance=DEFAULT_TOLERANCE, normalize=False):\n",
    "        \"\"\"Update destructively the state to be in canonical form with respect\n",
    "        to a different site.\"\"\"\n",
    "        center = self._interpret_center(center)\n",
    "        old = self.center\n",
    "        if center != old:\n",
    "            dr = +1 if center > old else -1\n",
    "            for i in range(old, center, dr):\n",
    "                self.update_canonical(self._data[i], dr, tolerance, normalize)\n",
    "        return self\n",
    "\n",
    "    def __copy__(self):\n",
    "        #\n",
    "        # Return a copy of the MPS with a fresh new array.\n",
    "        #\n",
    "        return type(self)(self, self.center)\n",
    "\n",
    "    def copy(self):\n",
    "        \"\"\"Return a fresh new TensorArray that shares the same tensor as its\n",
    "        sibling, but which can be destructively modified without affecting it.\n",
    "        \"\"\"\n",
    "        return self.__copy__()"
   ]
  },
  {
   "cell_type": "markdown",
   "metadata": {},
   "source": [
    "----"
   ]
  },
  {
   "cell_type": "markdown",
   "metadata": {},
   "source": [
    "\n",
    "# Tests"
   ]
  },
  {
   "cell_type": "markdown",
   "metadata": {},
   "source": [
    "To properly test the canonical forms we have to verify that the tensors are close to isometries. The following function is a helper for that."
   ]
  },
  {
   "cell_type": "code",
   "execution_count": 5,
   "metadata": {},
   "outputs": [],
   "source": [
    "# file: mps/test/test_canonical.py\n",
    "import unittest\n",
    "from mps.test.tools import *\n",
    "from mps.state import DEFAULT_TOLERANCE, _update_in_canonical_form, _canonicalize, CanonicalMPS\n",
    "\n",
    "class TestCanonicalForm(unittest.TestCase):\n",
    "\n",
    "    def test_local_update_canonical(self):\n",
    "        #\n",
    "        # We verify that _update_in_canonical_form() leaves a tensor that\n",
    "        # is an approximate isometry.\n",
    "        #\n",
    "        def ok(Ψ, normalization=False):\n",
    "            for i in range(Ψ.size-1):\n",
    "                ξ = Ψ.copy()\n",
    "                _update_in_canonical_form(ξ, ξ[i], i, +1,\n",
    "                                          DEFAULT_TOLERANCE,\n",
    "                                          normalization)\n",
    "                self.assertTrue(approximateIsometry(ξ[i], +1))\n",
    "            for i in range(1, Ψ.size):\n",
    "                ξ = Ψ.copy()\n",
    "                _update_in_canonical_form(ξ, ξ[i], i, -1,\n",
    "                                          DEFAULT_TOLERANCE,\n",
    "                                          normalization)\n",
    "                self.assertTrue(approximateIsometry(ξ[i], -1))\n",
    "\n",
    "        test_over_random_mps(ok)\n",
    "        test_over_random_mps(lambda ψ: ok(ψ, normalization=True))\n",
    "\n",
    "    def test_canonicalize(self):\n",
    "        #\n",
    "        # We verify _canonicalize() transforms an MPS into an equivalent one\n",
    "        # that is in canonical form and represents the same state, up to\n",
    "        # a reasonable tolerance.\n",
    "        #\n",
    "        def ok(Ψ, normalization=False):\n",
    "            for center in range(Ψ.size):\n",
    "                ξ = Ψ.copy()\n",
    "                _canonicalize(ξ, center, DEFAULT_TOLERANCE, normalization)\n",
    "                #\n",
    "                # All sites to the left and to the right are isometries\n",
    "                #\n",
    "                for i in range(center):\n",
    "                    self.assertTrue(approximateIsometry(ξ[i], +1))\n",
    "                for i in range(center+1, ξ.size):\n",
    "                    self.assertTrue(approximateIsometry(ξ[i], -1))\n",
    "                #\n",
    "                # Both states produce the same wavefunction\n",
    "                #\n",
    "                self.assertTrue(similar(ξ.tovector(), Ψ.tovector()))\n",
    "        test_over_random_mps(ok)\n",
    "\n",
    "    def test_canonical_mps(self):\n",
    "        #\n",
    "        # We verify _canonicalize() transforms an MPS into an equivalent one\n",
    "        # that is in canonical form and represents the same state, up to\n",
    "        # a reasonable tolerance.\n",
    "        #\n",
    "        def ok(Ψ):\n",
    "            for center in range(Ψ.size):\n",
    "                ξ = CanonicalMPS(Ψ, center=center)\n",
    "                #\n",
    "                # All sites to the left and to the right are isometries\n",
    "                #\n",
    "                for i in range(center):\n",
    "                    self.assertTrue(approximateIsometry(ξ[i], +1))\n",
    "                for i in range(center+1, ξ.size):\n",
    "                    self.assertTrue(approximateIsometry(ξ[i], -1))\n",
    "                #\n",
    "                # Both states produce the same wavefunction\n",
    "                #\n",
    "                self.assertTrue(similar(ξ.tovector(), Ψ.tovector()))\n",
    "                #\n",
    "                # The norm is correct\n",
    "                #\n",
    "                self.assertAlmostEqual(ξ.norm2()/Ψ.norm2(), 1.0)\n",
    "                #\n",
    "                # Local observables give the same\n",
    "                #\n",
    "                O = np.array([[0, 0], [0, 1]])\n",
    "                nrm2 = ξ.norm2()\n",
    "                self.assertAlmostEqual(ξ.expectation1(O)/nrm2,\n",
    "                                       Ψ.expectation1(O, center)/nrm2)\n",
    "                #\n",
    "                # The canonical form is the same when we use the\n",
    "                # corresponding negative indices of 'center'\n",
    "                #\n",
    "                χ = CanonicalMPS(Ψ, center=center-Ψ.size)\n",
    "                for i in range(Ψ.size):\n",
    "                    self.assertTrue(similar(ξ[i], χ[i]))\n",
    "        test_over_random_mps(ok)\n",
    "\n",
    "    def test_environments(self):\n",
    "        #\n",
    "        # Verify that the canonical form is indeed canonical and the\n",
    "        # environment is orthogonal\n",
    "        #\n",
    "        def ok(Ψ):\n",
    "            for center in range(Ψ.size):\n",
    "                ξ = CanonicalMPS(Ψ, center=center)\n",
    "                Lenv = super(CanonicalMPS, ξ).left_environment(center)\n",
    "                Renv = super(CanonicalMPS, ξ).left_environment(center)\n",
    "                print(Lenv)\n",
    "                self.assertTrue(almostIdentity(Lenv))\n",
    "                self.assertTrue(almostIdentity(Renv))\n",
    "        test_over_random_mps(ok)\n",
    "\n",
    "    def test_canonical_mps_normalization(self):\n",
    "        #\n",
    "        # We verify CanonicalMPS(...,normalize=True) normalizes the\n",
    "        # vector without really changing it.\n",
    "        #\n",
    "        def ok(Ψ):\n",
    "            for center in range(Ψ.size):\n",
    "                ξ1 = CanonicalMPS(Ψ, center=center, normalize=False)\n",
    "                ξ2 = CanonicalMPS(Ψ, center=center, normalize=True)\n",
    "                self.assertAlmostEqual(ξ2.norm2(), 1.0)\n",
    "                self.assertTrue(similar(ξ1.tovector()/np.sqrt(ξ1.norm2()),\n",
    "                                        ξ2.tovector()))\n",
    "        test_over_random_mps(ok)\n",
    "\n",
    "    def test_canonical_mps_copy(self):\n",
    "        #\n",
    "        # Copying a class does not invoke _canonicalize and does not\n",
    "        # change the tensors in any way\n",
    "        #\n",
    "        def ok(Ψ):\n",
    "            for center in range(Ψ.size):\n",
    "                ψ = CanonicalMPS(Ψ, center=center, normalize=True)\n",
    "                ξ = ψ.copy()\n",
    "                self.assertEqual(ξ.size, ψ.size)\n",
    "                self.assertEqual(ξ.center, ψ.center)\n",
    "                for i in range(ξ.size):\n",
    "                    self.assertTrue(np.all(np.equal(ξ[i], ψ[i])))\n",
    "        test_over_random_mps(ok)"
   ]
  },
  {
   "cell_type": "code",
   "execution_count": 6,
   "metadata": {},
   "outputs": [
    {
     "name": "stderr",
     "output_type": "stream",
     "text": [
      "test_environments (__main__.TestCanonicalForm) ... "
     ]
    },
    {
     "name": "stdout",
     "output_type": "stream",
     "text": [
      "[[1.]]\n",
      "[[1. 0.]\n",
      " [0. 1.]]\n",
      "[[ 1.00000000e+00  1.14491749e-16  2.77555756e-17 -1.11022302e-16]\n",
      " [ 1.14491749e-16  1.00000000e+00 -2.77555756e-17  3.33066907e-16]\n",
      " [ 4.16333634e-17  0.00000000e+00  1.00000000e+00 -9.71445147e-17]\n",
      " [-1.38777878e-16  2.77555756e-16 -1.38777878e-16  1.00000000e+00]]\n",
      "[[ 1.00000000e+00  2.40144005e-16  1.24141149e-17  9.60603125e-17\n",
      "  -2.16840434e-17  2.77555756e-17  2.16840434e-18  1.31838984e-16]\n",
      " [ 1.32015167e-16  1.00000000e+00 -1.80221506e-16 -4.27175656e-17\n",
      "  -3.46944695e-18 -8.67361738e-19 -9.49761103e-17  4.68375339e-17]\n",
      " [ 9.59518923e-18 -1.79625195e-16  1.00000000e+00  2.77555756e-17\n",
      "   1.14491749e-16 -3.15719673e-16 -1.94289029e-16  1.38777878e-16]\n",
      " [ 9.97465999e-17 -5.78963960e-17  2.08166817e-17  1.00000000e+00\n",
      "   4.16333634e-16 -3.46944695e-16 -5.55111512e-17  0.00000000e+00]\n",
      " [-2.77555756e-17  0.00000000e+00  1.07552856e-16  3.60822483e-16\n",
      "   1.00000000e+00 -3.88578059e-16 -3.05311332e-16 -1.66533454e-16]\n",
      " [ 4.68375339e-17 -9.10729825e-18 -3.48679419e-16 -3.46944695e-16\n",
      "  -2.77555756e-16  1.00000000e+00  2.49800181e-16 -3.33066907e-16]\n",
      " [ 9.32413868e-18 -1.13841228e-16 -1.66533454e-16 -5.55111512e-17\n",
      "  -2.77555756e-16  1.94289029e-16  1.00000000e+00  2.22044605e-16]\n",
      " [ 1.53523028e-16  6.37510877e-17  1.80411242e-16 -2.77555756e-17\n",
      "  -2.22044605e-16 -3.88578059e-16  1.94289029e-16  1.00000000e+00]]\n",
      "[[ 1.00000000e+00 -4.32307792e-16  5.01043745e-17 -1.25005978e-16\n",
      "   6.78957788e-18  6.17240320e-17  1.20649255e-17 -5.87063713e-17\n",
      "  -6.91864982e-17  2.48426293e-17]\n",
      " [-3.88044950e-16  1.00000000e+00 -2.74740113e-16 -1.63521934e-16\n",
      "  -5.86562375e-17 -5.33986511e-17 -4.70177931e-17 -8.51310464e-18\n",
      "  -2.21024777e-17 -4.29538878e-17]\n",
      " [ 3.50904310e-17 -1.81523555e-16  1.00000000e+00 -4.49454528e-16\n",
      "  -1.18984412e-16  2.87715069e-16  3.57244616e-17  1.60922707e-16\n",
      "   1.09165606e-16 -1.85100416e-16]\n",
      " [-9.78938311e-18 -1.47502291e-16 -3.27029892e-16  1.00000000e+00\n",
      "  -9.30601218e-17  1.41332529e-16  4.64716156e-17 -5.39322818e-17\n",
      "  -1.21417091e-16  1.17988301e-16]\n",
      " [ 2.09054614e-17 -6.03191220e-17 -1.34878138e-16 -7.90857722e-17\n",
      "   1.00000000e+00 -4.33355608e-16 -3.74808691e-16  2.18141477e-16\n",
      "   1.03216047e-16  5.20417043e-18]\n",
      " [ 5.19688594e-17 -6.33711935e-17  2.81167505e-16  1.51503701e-16\n",
      "  -3.96574050e-16  1.00000000e+00  1.63931368e-16  5.81782886e-16\n",
      "  -6.78710560e-17 -3.98986399e-17]\n",
      " [ 2.49313560e-18 -5.35973332e-17  3.66731385e-17  4.38559779e-17\n",
      "  -3.55184632e-16  1.78893358e-16  1.00000000e+00  5.74193471e-16\n",
      "  -4.42788167e-16 -3.09648140e-16]\n",
      " [-7.68016420e-17 -9.97508350e-18  1.52303300e-16 -6.97277522e-17\n",
      "   2.30176121e-16  5.47847358e-16  5.80265003e-16  1.00000000e+00\n",
      "   1.26634814e-16 -1.38777878e-17]\n",
      " [-7.47633631e-17 -2.51060566e-17  1.03819134e-16 -1.26119818e-16\n",
      "   1.74990231e-16 -7.15573434e-18 -4.66206934e-16  2.99239800e-16\n",
      "   1.00000000e+00  8.84708973e-17]\n",
      " [ 1.60326396e-17 -3.45691086e-17 -1.92906672e-16  1.10046521e-16\n",
      "   1.08420217e-18 -5.63785130e-17 -2.46330734e-16 -8.50014503e-17\n",
      "   6.24500451e-17  1.00000000e+00]]\n",
      "[[ 1.00000000e+00 -3.83514619e-16  3.62140528e-16 -3.03386206e-16\n",
      "  -5.07156841e-17  6.36944755e-17  4.20028683e-17 -5.52537922e-17\n",
      "   1.86770765e-19 -8.47699986e-18]\n",
      " [-3.81928887e-16  1.00000000e+00  4.13445120e-16  2.68289692e-16\n",
      "  -6.20961971e-17  4.15118142e-17 -9.26840392e-17 -2.01055976e-17\n",
      "  -6.21722183e-17 -7.20011886e-17]\n",
      " [ 3.14668767e-16  3.85566989e-16  1.00000000e+00 -4.27718392e-16\n",
      "   2.95827951e-16  1.30652291e-16 -5.91391628e-16 -2.06465975e-16\n",
      "  -6.31547765e-18 -3.44234190e-17]\n",
      " [-2.61509863e-16  2.28461779e-16 -3.65314722e-16  1.00000000e+00\n",
      "   1.01251777e-16  1.13453287e-16  6.33174069e-17  2.74120191e-16\n",
      "  -4.60785923e-17 -8.43034952e-17]\n",
      " [ 1.34422292e-17  2.81206468e-17  2.85960017e-16  9.19488146e-17\n",
      "   1.00000000e+00 -3.67818975e-16  8.20063418e-17 -2.34214774e-16\n",
      "  -8.91214186e-17 -1.32814766e-16]\n",
      " [ 1.62582846e-17  7.58136839e-17  7.88062513e-17  8.32853616e-17\n",
      "  -4.84855212e-16  1.00000000e+00  5.85008387e-16 -6.75986502e-16\n",
      "  -4.71627945e-17 -2.04101059e-16]\n",
      " [-2.90558506e-17 -4.61095090e-17 -5.32236541e-16  5.98953938e-17\n",
      "   1.45066251e-16  6.68383534e-16  1.00000000e+00  3.45318392e-17\n",
      "  -3.90312782e-18  1.04300249e-16]\n",
      " [-3.35219774e-17 -3.93120696e-17 -1.86320143e-16  2.10318281e-16\n",
      "  -2.11988630e-16 -7.81262533e-16 -6.80878964e-17  1.00000000e+00\n",
      "   8.19656842e-17  4.61436445e-16]\n",
      " [-4.50515649e-19 -6.91111122e-17 -1.26038503e-17 -5.20145992e-17\n",
      "  -1.24357989e-16 -5.14996032e-17 -2.38524478e-17  1.08853898e-16\n",
      "   1.00000000e+00  3.55943573e-16]\n",
      " [ 1.09573770e-17 -6.56255717e-17 -4.85044947e-17 -6.31276715e-17\n",
      "  -1.30537942e-16 -1.89410120e-16  1.07986536e-16  4.61870125e-16\n",
      "   4.13297868e-16  1.00000000e+00]]\n",
      "[[ 1.00000000e+00  1.21005191e-18  4.81535021e-17 -2.65596506e-16\n",
      "   3.23041353e-16  5.22608343e-17 -2.67728855e-16 -3.28043261e-16\n",
      "   6.95659755e-17 -7.16277795e-17]\n",
      " [-5.65881976e-17  1.00000000e+00  2.74924409e-16  2.21699082e-16\n",
      "  -2.82109352e-16  2.70168888e-16 -3.49316017e-16 -1.01874585e-16\n",
      "   8.21457317e-17 -4.98184546e-17]\n",
      " [ 4.44893749e-17  2.76155134e-16  1.00000000e+00 -7.98381386e-16\n",
      "   8.10432654e-17 -8.14430649e-16  3.88627187e-17  5.00654494e-16\n",
      "  -3.04601518e-17  4.38119322e-17]\n",
      " [-2.73327877e-16  2.14040283e-16 -7.66985793e-16  1.00000000e+00\n",
      "   4.02645370e-16  4.80839217e-16 -8.68958395e-17 -7.44677486e-17\n",
      "   4.64529809e-17  2.37531755e-16]\n",
      " [ 2.81553894e-16 -2.46717550e-16  4.72995903e-17  3.80287935e-16\n",
      "   1.00000000e+00 -3.29158697e-16  3.85319946e-16 -4.40606210e-16\n",
      "   4.37556892e-16  2.25154910e-16]\n",
      " [ 6.33656878e-17  2.45764280e-16 -7.90649352e-16  4.32543727e-16\n",
      "  -3.30075187e-16  1.00000000e+00 -2.92714258e-16 -2.94272798e-16\n",
      "  -1.16917652e-16  2.89210930e-16]\n",
      " [-2.53931355e-16 -3.07334827e-16  6.72925325e-17 -9.91600296e-17\n",
      "   3.40145138e-16 -2.88323239e-16  1.00000000e+00 -5.34172858e-17\n",
      "  -1.05181163e-16 -1.62576116e-16]\n",
      " [-2.71034357e-16 -1.07070232e-16  5.01914032e-16 -8.49692631e-17\n",
      "  -3.39206202e-16 -2.81465660e-16 -1.43473829e-16  1.00000000e+00\n",
      "   1.06793914e-16 -2.00116616e-16]\n",
      " [ 5.49752904e-17  2.57998295e-17 -8.97854924e-20  8.65515206e-17\n",
      "   3.68798145e-16 -1.28437300e-16 -6.51063405e-17  9.33498071e-17\n",
      "   1.00000000e+00 -1.69677640e-16]\n",
      " [-1.40669673e-17  2.33442280e-18 -1.16551734e-18  2.20902805e-16\n",
      "   2.06191536e-16  2.80374682e-16 -1.39523267e-16 -1.72808274e-16\n",
      "  -2.27086145e-16  1.00000000e+00]]\n",
      "[[ 1.00000000e+00 -7.90527635e-16 -2.68833407e-16  2.21092542e-16\n",
      "   3.83604480e-17 -4.52770543e-17 -1.66200027e-16  1.15800521e-17]\n",
      " [-6.31928028e-16  1.00000000e+00 -4.60443140e-17 -6.37103359e-16\n",
      "  -1.99102506e-16 -2.84719537e-17  1.43407813e-16  2.01831434e-16]\n",
      " [-2.13738755e-16 -1.01624399e-17  1.00000000e+00 -1.99826792e-16\n",
      "  -7.55256927e-18 -1.35405416e-16 -2.45333141e-16  2.39413863e-17]\n",
      " [ 2.27478844e-16 -6.96532553e-16 -8.01047661e-17  1.00000000e+00\n",
      "   3.97203395e-17 -2.42227282e-16  3.95430979e-17 -6.18178197e-16]\n",
      " [ 3.75008088e-17 -1.99147716e-16 -1.76119326e-17  2.51439613e-17\n",
      "   1.00000000e+00  3.96817995e-17  6.11930482e-16  1.35552377e-16]\n",
      " [-2.85650215e-17 -2.99525673e-17 -1.29953912e-16 -2.51584879e-16\n",
      "   4.63360903e-17  1.00000000e+00  1.00756263e-16 -9.32061503e-16]\n",
      " [-1.58298384e-16  1.17862835e-16 -2.35196485e-16  5.55776433e-17\n",
      "   5.83476952e-16  1.19092832e-16  1.00000000e+00 -4.86535725e-17]\n",
      " [ 4.27209008e-18  1.97299808e-16  1.77402580e-17 -5.81249255e-16\n",
      "   2.16704909e-16 -8.87473688e-16 -3.10894973e-17  1.00000000e+00]]\n",
      "[[1.00000000e+00 1.51446459e-16 6.75019018e-16 2.42661929e-16]\n",
      " [1.67272813e-16 1.00000000e+00 2.93308451e-17 7.16230520e-16]\n",
      " [5.47722500e-16 7.69527315e-17 1.00000000e+00 1.99801520e-16]\n",
      " [2.15884399e-16 5.89095321e-16 2.85965099e-16 1.00000000e+00]]\n",
      "[[ 1.00000000e+00 -4.44649946e-17]\n",
      " [-9.30931561e-17  1.00000000e+00]]\n",
      "[[1.]]\n",
      "[[1. 0.]\n",
      " [0. 1.]]\n",
      "[[ 1.00000000e+00 -1.04083409e-17 -7.63278329e-17 -8.32667268e-17]\n",
      " [-1.04083409e-17  1.00000000e+00 -5.55111512e-17 -1.04083409e-16]\n",
      " [-7.63278329e-17 -5.55111512e-17  1.00000000e+00  1.18828558e-16]\n",
      " [-5.55111512e-17 -1.24900090e-16  1.74339709e-16  1.00000000e+00]]\n",
      "[[ 1.00000000e+00  2.45649719e-16 -1.16240025e-16  9.02056208e-17\n",
      "   1.99710040e-16  6.07153217e-18 -2.25514052e-17  1.05818132e-16]\n",
      " [ 2.47381054e-16  1.00000000e+00 -9.68192540e-17 -1.11401773e-16\n",
      "  -2.06594724e-16 -6.57568618e-17  5.59448321e-17  7.50267903e-17]\n",
      " [-1.20739464e-16 -9.74155652e-17  1.00000000e+00 -2.07733136e-16\n",
      "   1.20563282e-16  6.76542156e-17  6.93889390e-17  7.28583860e-17]\n",
      " [ 7.06357715e-17 -1.23463522e-16 -5.46437895e-17  1.00000000e+00\n",
      "  -1.65666092e-16  8.84708973e-17  1.38777878e-17  5.55111512e-17]\n",
      " [ 2.02528966e-16 -1.96674274e-16  1.08420217e-16 -1.61329283e-16\n",
      "   1.00000000e+00 -4.37150316e-16  1.14491749e-16  2.77555756e-16]\n",
      " [-3.03576608e-18 -7.01749856e-17  9.71445147e-17  1.52655666e-16\n",
      "  -3.88578059e-16  1.00000000e+00  1.04083409e-16 -4.44089210e-16]\n",
      " [-1.12757026e-17  2.60208521e-17  1.17961196e-16 -2.77555756e-17\n",
      "   1.59594560e-16  1.28369537e-16  1.00000000e+00 -1.89084859e-16]\n",
      " [ 8.58688121e-17  7.11236625e-17  7.28583860e-17  6.24500451e-17\n",
      "   2.49800181e-16 -5.55111512e-16 -1.43982049e-16  1.00000000e+00]]\n",
      "[[ 1.00000000e+00  1.25809466e-16 -3.95603098e-17 -2.72987152e-16\n",
      "  -2.17972514e-17  1.38728382e-16  1.49133438e-16  4.32754427e-17\n",
      "  -3.28897599e-17 -9.00973064e-18]\n",
      " [ 1.33685528e-16  1.00000000e+00 -1.56530498e-16  8.66027396e-17\n",
      "   2.43699849e-16  3.03272656e-16 -2.62956085e-17  7.97907154e-17\n",
      "  -4.64258758e-17  1.74107053e-16]\n",
      " [-3.20661263e-17 -1.64991748e-16  1.00000000e+00 -1.89558350e-16\n",
      "   2.88700592e-16  1.86463292e-16  4.06123499e-16 -1.22936668e-16\n",
      "  -1.30524389e-16  1.54773248e-16]\n",
      " [-2.77154726e-16  7.59710203e-17 -1.21695765e-16  1.00000000e+00\n",
      "  -1.00792686e-17 -4.88407668e-17 -6.57297567e-17  2.19124035e-16\n",
      "  -1.00315806e-16 -1.95562967e-16]\n",
      " [-2.19101549e-17  2.52371931e-16  2.81313830e-16  5.43748565e-17\n",
      "   1.00000000e+00 -1.13011983e-16 -2.04260301e-16 -2.34031815e-16\n",
      "   3.93362101e-16  2.96580116e-17]\n",
      " [ 1.37476527e-16  2.87870182e-16  1.36793492e-16  3.90380545e-17\n",
      "  -2.39590892e-16  1.00000000e+00  4.14876738e-16 -3.75059413e-16\n",
      "   3.02716023e-16  2.02925801e-16]\n",
      " [ 1.48997145e-16 -3.98374418e-17  3.89215027e-16 -4.54755049e-17\n",
      "  -3.06900366e-16  4.80237188e-16  1.00000000e+00 -1.44537702e-17\n",
      "  -1.31838984e-16 -3.73805804e-16]\n",
      " [ 2.24445864e-17  8.22714631e-17 -1.33287411e-16  2.68568737e-16\n",
      "  -2.72995331e-16 -4.89358039e-16 -1.47465048e-16  1.00000000e+00\n",
      "   2.30582697e-16  5.67681481e-16]\n",
      " [-3.86629248e-17 -6.06437474e-17 -1.33675352e-16 -9.88114755e-17\n",
      "   4.19864068e-16  2.35752986e-16 -1.65638987e-16  4.04732671e-16\n",
      "   1.00000000e+00 -1.85561202e-16]\n",
      " [-5.00808230e-18  1.76581978e-16  1.60202729e-16 -2.31788872e-16\n",
      "   4.32393379e-17  1.27404343e-16 -3.22736494e-16  5.30435748e-16\n",
      "  -1.13759913e-16  1.00000000e+00]]\n",
      "[[ 1.00000000e+00  7.26914781e-16  1.46823897e-16 -1.09179265e-16\n",
      "  -1.73260589e-17 -8.15125216e-17  1.71945994e-16 -1.14552736e-16\n",
      "   1.99823543e-16 -8.74578459e-17]\n",
      " [ 6.14856902e-16  1.00000000e+00 -1.04402062e-15 -9.00057210e-18\n",
